x,y,z,brake,forward offset,side offset,target speed,speed start,side start
243.461700,-0.149900,-353.179871,105.000000,0,0,0,0,0
307.195313,-0.085614,-364.936523,0.000000,0,0,0,0,0
164.003448,-0.149900,-325.803589,0.000000,0,0,0,0,0
101.440643,-0.149900,-305.591003,0.000000,0,0,0,0,0
84.114441,-0.155176,-264.203217,0.000000,0,0,0,0,0
-12.134957,-0.150000,-204.527985,0.000000,0,0,0,0,0
-55.297722,-0.150000,-189.902954,0.000000,0,0,0,0,0
-92.851974,-13.150000,-250.754532,0.000000,0,0,0,0,0
84.202301,-22.150000,-317.157654,0.000000,0,0,0,0,0
208.925110,-22.149900,-381.991699,0.000000,0,0,0,0,0
395.222412,-5.149900,-520.792297,0.000000,0,0,0,0,0
420.420044,4.773250,-485.745941,0.000000,0,0,0,0,0
386.796021,4.850400,-447.045898,0.000000,0,0,0,0,0
530.738647,-0.150000,-261.640167,0.000000,0,0,0,0,0
508.289948,-0.150000,-220.646881,0.000000,0,0,0,0,0
442.895905,-0.150000,-32.273018,0.000000,0,0,0,0,0
440.312103,-0.149900,108.634392,0.000000,0,0,0,0,0
342.690887,-0.233555,109.619759,0.000000,0,0,0,0,0
379.470001,-11.149899,38.333839,0.000000,0,0,0,0,0
175.487183,-13.149899,-270.478577,0.000000,0,0,0,0,0
109.908005,-13.149899,-416.653046,0.000000,0,0,0,0,0
24.616577,-13.149899,-663.564819,0.000000,0,0,0,0,0
-63.821602,-13.149899,-694.176636,0.000000,0,0,0,0,0
-91.111267,4.729538,-619.379761,0.000000,0,0,0,0,0
-91.111267,4.729538,-619.379761,0.000000,0,0,0,0,0
